
Classification Report: 
              precision    recall  f1-score   support

           0       0.97      0.97      0.97      5988
           1       0.99      0.99      0.99      6034
           2       0.99      0.98      0.98      5922
           3       1.00      1.00      1.00      5997
           4       0.99      0.99      0.99      6003
           5       1.00      1.00      1.00      5855
           6       0.98      0.98      0.98      6025
           7       1.00      1.00      1.00      6106
           8       1.00      1.00      1.00      5937
           9       1.00      1.00      1.00      6068
          10       1.00      1.00      1.00      5983
          11       1.00      1.00      1.00      6053
          12       1.00      0.99      1.00      5994
          13       0.99      0.99      0.99      6035

    accuracy                           0.99     84000
   macro avg       0.99      0.99      0.99     84000
weighted avg       0.99      0.99      0.99     84000

Accuracy Report: 
0.9915595238095238